./examples/evolution.in
Num_taxa = 14
Seq 0 = 0 : 0 1.7043 2.0235 2.1378 1.5232 1.8261 1.9182 2.0039 1.9431 1.9663 2.0593 1.6664 1.732 1.7101 
Seq 1 = 1 : 1.7043 0 1.1901 1.3287 1.2423 1.2508 1.2536 1.3066 1.2827 1.3296 1.2005 1.346 1.3757 1.3956 
Seq 2 = 2 : 2.0235 1.1901 0 1.2905 1.3199 1.3887 1.4658 1.4826 1.4502 1.8708 1.5356 1.4577 1.7803 1.6661 
Seq 3 = 3 : 2.1378 1.3287 1.2905 0 1.7878 1.3137 1.3788 1.3826 1.4543 1.6683 1.6606 1.5935 1.7119 1.7599 
Seq 4 = 4 : 1.5232 1.2423 1.3199 1.7878 0 1.0642 1.1124 0.9832 1.0629 0.9228 1.0681 0.9127 1.0635 1.0557 
Seq 5 = 5 : 1.8261 1.2508 1.3887 1.3137 1.0642 0 0.1022 0.2061 0.3895 0.8035 0.7239 0.7278 0.7899 0.6933 
Seq 6 = 6 : 1.9182 1.2536 1.4658 1.3788 1.1124 0.1022 0 0.2681 0.393 0.7109 0.729 0.7412 0.8742 0.7118 
Seq 7 = 7 : 2.0039 1.3066 1.4826 1.3826 0.9832 0.2061 0.2681 0 0.3665 0.8132 0.7894 0.8763 0.8868 0.7589 
Seq 8 = 8 : 1.9431 1.2827 1.4502 1.4543 1.0629 0.3895 0.393 0.3665 0 0.7858 0.714 0.7966 0.8288 0.8542 
Seq 9 = 9 : 1.9663 1.3296 1.8708 1.6683 0.9228 0.8035 0.7109 0.8132 0.7858 0 0.7095 0.5959 0.6213 0.5612 
Seq 10 = 10 : 2.0593 1.2005 1.5356 1.6606 1.0681 0.7239 0.729 0.7894 0.714 0.7095 0 0.4604 0.5065 0.47 
Seq 11 = 11 : 1.6664 1.346 1.4577 1.5935 0.9127 0.7278 0.7412 0.8763 0.7966 0.5959 0.4604 0 0.3502 0.3097 
Seq 12 = 12 : 1.732 1.3757 1.7803 1.7119 1.0635 0.7899 0.8742 0.8868 0.8288 0.6213 0.5065 0.3502 0 0.2712 
Seq 13 = 13 : 1.7101 1.3956 1.6661 1.7599 1.0557 0.6933 0.7118 0.7589 0.8542 0.5612 0.47 0.3097 0.2712 0 
*** Allocating GPU memory ***
*** Allocating GPU memory complete ***

*** Copying to GPU memory ***
*** Copying to GPU memory complete ***

Entered the GPU
### 
 Elapsed Time 281
###
***  GPU computation complete ***
*** Transferring data from Device to Host complete ***
*** Transferring data from Device to Host complete ***
*** Transferring data from Device to Host complete ***
14
*** Final node computed ***
Num_taxa = 14
Seq 0 = 0 : -1 -1 -1 -1 -1 -1 -1 -1 -1 -1 -1 1.51509 -1 1.58545 
Seq 1 = 1 : -1 0 1.1901 -0.824313 -0.0482063 1.2508 1.2011 1.16085 0.307179 0.624123 0.733838 0.945379 1.3757 1.25005 
Seq 2 = 2 : -1 1.1901 0 -0.664775 0.0703625 1.3887 1.37615 1.33637 0.45222 0.967244 1.07295 1.17078 1.7803 1.5876 
Seq 3 = 3 : -1 -0.824313 -0.664775 0 0.5144 0.617312 0.598475 0.576494 0.29898 0.361074 0.393594 0.404688 0.700212 0.557487 
Seq 4 = 4 : -1 -0.0482063 0.0703625 0.5144 0 0.583556 0.560638 0.489647 0.429048 0.325283 0.318358 0.31543 0.624656 0.483544 
Seq 5 = 5 : -1 1.2508 1.3887 0.617312 0.583556 0 0.1022 0.06115 0.124835 0.269902 0.318427 0.428573 0.7899 0.606 
Seq 6 = 6 : -1 1.2011 1.37615 0.598475 0.560638 0.1022 0 0.186 0.132251 0.224909 0.271655 0.382988 0.78095 0.5806 
Seq 7 = 7 : -1 1.16085 1.33637 0.576494 0.489647 0.06115 0.186 0 0.160462 0.21929 0.250858 0.374314 0.740875 0.540925 
Seq 8 = 8 : -1 0.307179 0.45222 0.29898 0.429048 0.124835 0.132251 0.160462 0 0.388532 0.212256 0.182612 0.425141 0.273873 
Seq 9 = 9 : -1 0.624123 0.967244 0.361074 0.325283 0.269902 0.224909 0.21929 0.388532 0 0.356948 0.221288 0.328955 0.170495 
Seq 10 = 10 : -1 0.733838 1.07295 0.393594 0.318358 0.318427 0.271655 0.250858 0.212256 0.356948 0 0.18908 0.239253 0.0830984 
Seq 11 = 11 : 1.51509 0.945379 1.17078 0.404688 0.31543 0.428573 0.382988 0.374314 0.182612 0.221288 0.18908 0 0.200187 0.0441844 
Seq 12 = 12 : -1 1.3757 1.7803 0.700212 0.624656 0.7899 0.78095 0.740875 0.425141 0.328955 0.239253 0.200187 0 0.2712 
Seq 13 = 13 : 1.58545 1.25005 1.5876 0.557487 0.483544 0.606 0.5806 0.540925 0.273873 0.170495 0.0830984 0.0441844 0.2712 0 
